Ax,Ay,Az,Gx,Gy,Gz,Roll,Pitch,Yaw,Timestamp,Target
892,-2796,15768,-524,195,-170,-16000,-1000,101000,54009,
876,-2836,15816,-531,161,-193,-16000,-1000,101000,54021,
828,-2864,15688,-490,132,-152,-16000,-1000,101000,54024,
836,-2856,15620,-533,186,-174,-16000,-1000,101000,54026,
932,-2828,15824,-474,139,-163,-16000,-1000,101000,54038,
936,-2816,15824,-526,80,-183,-16000,-1000,101000,54041,
932,-2888,15628,-471,94,-159,-16000,-1000,101000,54043,
896,-2872,15816,-472,95,-147,-16000,-1000,101000,54056,
940,-2824,15924,-424,84,-120,-16000,-1000,101000,54058,
812,-2880,15888,-449,94,-133,-16000,-1000,101000,54060,
868,-2740,15828,-428,124,-123,-16000,-1000,101000,54073,
920,-2740,15856,-463,118,-138,-16000,-1000,101000,54075,
952,-2740,15776,-433,98,-123,-16000,-1000,101000,54077,
972,-2808,15636,-403,156,-129,-16000,-1000,101000,54090,
892,-2800,15728,-406,155,-92,-16000,-1000,101000,54092,
980,-2848,15744,-425,155,-114,-16000,-1000,101000,54094,
0,0,0,0,0,0,-16000,-1000,101000,54094,
824,-3028,15676,-504,85,-179,-17000,-1000,92000,60643,
920,-2968,15796,-522,103,-161,-17000,-1000,92000,60655,
896,-2912,15644,-455,138,-152,-17000,-1000,92000,60658,
0,0,0,0,0,0,-17000,-1000,92000,60658,
816,-2732,15740,-480,108,-135,-16000,-1000,101000,54141,
884,-2752,15736,-548,31,-130,-16000,-1000,101000,54143,
832,-2716,15760,-486,96,-118,-16000,-1000,101000,54146,
852,-2804,15856,-508,72,-58,-16000,-1000,101000,54158,
972,-2824,15780,-547,11,-119,-16000,-1000,101000,54160,
952,-2856,15640,-513,82,-93,-16000,-1000,101000,54163,
932,-2840,15680,-537,69,-80,-16000,-1000,101000,54175,
940,-2832,15816,-468,161,-71,-16000,-1000,101000,54177,
940,-2864,15788,-536,113,-100,-16000,-1000,101000,54180,
804,-2852,15724,-447,194,-56,-16000,-1000,101000,54192,
876,-2744,15784,-500,161,-110,-16000,-1000,101000,54195,
920,-2900,15832,-433,203,-50,-16000,-1000,101000,54197,
940,-2844,15748,-478,194,-112,-16000,-1000,101000,54209,
1056,-2788,15788,-423,259,-100,-16000,-1000,101000,54212,
904,-2688,15832,-454,284,-107,-16000,-1000,101000,54214,
1020,-2820,15680,-413,237,-111,-16000,-1000,101000,54227,
948,-2808,15768,-403,341,-123,-16000,-1000,101000,54229,
932,-2872,15732,-443,292,-122,-16000,-1000,101000,54231,
916,-2736,15940,-433,350,-130,-16000,-1000,101000,54244,
968,-2744,15764,-450,323,-116,-16000,-1000,101000,54246,
1060,-2732,15860,-425,386,-121,-16000,-1000,101000,54249,
932,-2760,15784,-510,314,-163,-16000,-1000,101000,54261,
912,-2744,15776,-448,398,-161,-16000,-1000,101000,54263,
896,-2780,15728,-499,317,-164,-16000,-1000,101000,54266,
844,-2820,15636,-439,344,-158,-16000,-1000,101000,54278,
888,-2760,15768,-516,269,-163,-16000,-1000,101000,54281,
764,-2740,15620,-446,302,-164,-16000,-1000,101000,54283,
900,-2844,15708,-521,286,-160,-16000,-1000,101000,54295,
896,-2752,15784,-457,291,-171,-16000,-1000,101000,54298,
832,-2776,15660,-521,307,-174,-16000,-1000,101000,54300,
848,-2744,15832,-479,356,-169,-16000,-1000,101000,54312,
820,-2760,15844,-537,265,-202,-16000,-1000,101000,54315,
832,-2724,15832,-501,301,-201,-16000,-1000,101000,54317,
808,-2820,15932,-517,209,-183,-16000,-1000,101000,54329,
832,-2816,15840,-519,277,-210,-16000,-1000,101000,54332,
808,-2916,15760,-528,172,-188,-16000,-1000,101000,54334,
752,-2820,15864,-558,137,-207,-16000,-1000,101000,54347,
644,-2780,15820,-509,132,-189,-16000,-1000,101000,54349,
852,-2820,15744,-584,118,-211,-16000,-1000,101000,54351,
804,-2912,15820,-486,86,-193,-16000,-1000,101000,54364,
840,-2896,15724,-530,81,-209,-16000,-1000,101000,54366,
804,-2868,15752,-478,80,-200,-16000,-1000,101000,54369,
728,-2816,15948,-532,100,-190,-16000,-1000,101000,54381,
696,-2880,15848,-474,89,-166,-16000,-1000,101000,54384,
772,-2896,15804,-555,119,-181,-16000,-1000,101000,54386,
828,-2964,15904,-518,154,-185,-16000,-1000,101000,54398,
824,-2884,15952,-494,161,-180,-16000,-1000,101000,54401,
732,-2848,15804,-479,166,-158,-16000,-1000,101000,54403,
792,-2892,15912,-418,198,-143,-16000,-1000,101000,54415,
728,-2868,15828,-477,198,-136,-16000,-1000,101000,54418,
752,-2892,15724,-440,128,-126,-16000,-1000,101000,54420,
716,-2788,15924,-444,122,-150,-16000,-1000,101000,54433,
780,-2872,15820,-418,116,-99,-16000,-1000,101000,54435,
792,-2872,15784,-443,109,-115,-16000,-1000,101000,54437,
764,-2780,15736,-420,91,-110,-16000,-1000,101000,54450,
804,-2920,15832,-467,78,-115,-16000,-1000,101000,54452,
824,-2820,15768,-417,69,-126,-16000,-1000,101000,54455,
852,-2800,15596,-497,102,-81,-16000,-1000,101000,54467,
824,-2800,15580,-461,76,-122,-16000,-1000,101000,54470,
964,-2800,15624,-493,101,-113,-16000,-1000,101000,54472,
888,-2836,15800,-458,130,-104,-16000,-1000,101000,54484,
960,-2804,15756,-492,141,-103,-16000,-1000,101000,54487,
944,-2788,15760,-442,163,-91,-16000,-1000,101000,54489,
924,-2808,15892,-479,178,-133,-16000,-1000,101000,54502,
864,-2780,15804,-443,173,-108,-16000,-1000,101000,54504,
984,-2768,15812,-469,177,-106,-16000,-1000,101000,54506,
832,-2772,15900,-402,161,-105,-16000,-1000,101000,54519,
920,-2852,15904,-447,213,-108,-16000,-1000,101000,54521,
800,-2848,15832,-420,157,-110,-16000,-1000,101000,54523,
780,-2784,15964,-376,108,-104,-16000,-1000,101000,54536,
908,-2808,15940,-348,136,-85,-16000,-1000,101000,54538,
888,-2860,15992,-383,163,-103,-16000,-1000,101000,54541,
892,-2804,15848,-327,209,-121,-16000,-1000,101000,54553,
968,-2808,15832,-375,177,-111,-16000,-1000,101000,54555,
1040,-2676,15764,-347,211,-140,-16000,-1000,101000,54558,
1016,-2696,15700,-412,234,-158,-16000,-1000,101000,54570,
832,-2804,15736,-363,212,-128,-16000,-1000,101000,54572,
972,-2700,15716,-424,211,-160,-16000,-1000,101000,54575,
1036,-2828,15640,-394,202,-154,-16000,-1000,101000,54587,
928,-2752,15668,-447,188,-189,-16000,-1000,101000,54589,
784,-2708,15664,-391,184,-178,-16000,-1000,100000,54592,
780,-2748,15760,-510,109,-193,-16000,-1000,100000,54604,
864,-2740,15900,-469,99,-230,-16000,-1000,100000,54606,
804,-2864,15676,-514,97,-220,-16000,-1000,100000,54609,
720,-2944,15712,-487,43,-170,-16000,-1000,100000,54621,
660,-2860,15684,-560,-8,-198,-16000,-1000,100000,54623,
840,-2908,15680,-506,33,-175,-16000,-1000,100000,54626,
772,-2868,15748,-566,-58,-173,-16000,-1000,100000,54638,
732,-2772,15876,-490,-12,-184,-16000,-1000,100000,54640,
828,-2832,15732,-578,-68,-169,-16000,-1000,100000,54643,
848,-2892,15740,-484,38,-175,-16000,-1000,100000,54655,
836,-2844,15920,-513,34,-140,-16000,-1000,100000,54658,
748,-2924,15832,-493,39,-148,-16000,-1000,100000,54660,
868,-2916,15756,-516,55,-158,-16000,-1000,100000,54672,
916,-2832,15740,-455,105,-144,-16000,-1000,100000,54675,
808,-2816,15812,-522,127,-149,-16000,-1000,100000,54677,
864,-2856,15868,-438,112,-145,-16000,-1000,100000,54690,
828,-2788,15708,-457,83,-151,-16000,-1000,100000,54692,
888,-2788,15836,-419,113,-107,-16000,-1000,100000,54695,
964,-2752,15660,-406,94,-103,-16000,-1000,100000,54707,
884,-2776,15800,-452,100,-111,-16000,-1000,100000,54709,
992,-2704,15800,-417,115,-125,-16000,-1000,100000,54712,
992,-2800,15748,-432,133,-153,-16000,-1000,100000,54724,
1056,-2856,15648,-409,165,-130,-16000,-1000,100000,54727,
1000,-2852,15716,-437,128,-148,-16000,-1000,100000,54729,
896,-2784,15644,-428,228,-198,-16000,-1000,100000,54741,
956,-2700,15804,-484,178,-167,-16000,-1000,100000,54744,
856,-2716,15692,-439,224,-198,-16000,-1000,100000,54746,
904,-2760,15740,-475,206,-204,-16000,-1000,100000,54759,
900,-2804,15700,-502,154,-232,-16000,-1000,100000,54761,
908,-2688,15712,-499,206,-236,-16000,-1000,100000,54763,
876,-2856,15712,-525,130,-192,-16000,-1000,100000,54776,
796,-2940,15820,-528,147,-187,-16000,-1000,100000,54778,
808,-2876,15716,-511,79,-221,-16000,-1000,100000,54781,
960,-2864,15764,-537,119,-193,-16000,-1000,100000,54793,
868,-2844,15872,-467,163,-212,-16000,-1000,100000,54795,
824,-2880,15800,-488,127,-217,-16000,-1000,100000,54798,
728,-2832,15740,-492,161,-230,-16000,-1000,100000,54810,
920,-2892,15816,-480,176,-205,-16000,-1000,100000,54812,
800,-2792,15796,-491,189,-226,-16000,-1000,100000,54815,
760,-2880,15916,-442,256,-201,-16000,-1000,100000,54827,
844,-2964,15856,-396,220,-160,-16000,-1000,100000,54830,
732,-2816,15772,-391,296,-160,-16000,-1000,100000,54832,
808,-2836,15872,-343,281,-156,-16000,-1000,100000,54844,
800,-2756,15924,-360,304,-128,-16000,-1000,100000,54847,
820,-2756,15780,-358,312,-126,-16000,-1000,100000,54849,
912,-2832,15856,-406,268,-148,-16000,-1000,100000,54862,
764,-2716,15832,-414,190,-131,-16000,-1000,100000,54864,
756,-2784,15748,-357,259,-125,-16000,-1000,100000,54866,
704,-2828,15508,-416,182,-122,-16000,-1000,100000,54879,
668,-2780,15616,-422,176,-154,-16000,-1000,100000,54881,
840,-2780,15676,-428,110,-124,-16000,-1000,100000,54883,
728,-2824,15688,-492,17,-142,-16000,-1000,100000,54896,
740,-2736,15636,-487,40,-138,-16000,-1000,100000,54898,
784,-2672,15540,-519,63,-102,-16000,-1000,100000,54901,
832,-2876,15724,-491,56,-110,-16000,-1000,100000,54913,
796,-2832,15628,-563,18,-132,-16000,-1000,100000,54916,
840,-2956,15592,-523,19,-121,-16000,-1000,100000,54918,
696,-2952,15644,-567,58,-98,-16000,-1000,100000,54931,
868,-2844,15848,-520,113,-85,-16000,-1000,100000,54933,
836,-2964,15744,-563,40,-120,-16000,-1000,100000,54935,
796,-2932,15800,-499,125,-102,-16000,-1000,100000,54948,
936,-2876,15780,-527,75,-68,-16000,-1000,100000,54950,
852,-2968,15752,-460,140,-74,-16000,-1000,100000,54952,
688,-2896,15888,-449,80,-47,-16000,-1000,100000,54965,
828,-2840,15864,-411,118,-53,-16000,-1000,100000,54967,
824,-2916,15832,-467,49,-58,-16000,-1000,100000,54970,
836,-2824,15840,-416,128,-12,-16000,-1000,100000,54972,
904,-2852,15828,-460,90,-54,-16000,-1000,100000,54984,
920,-2920,15820,-401,142,-52,-16000,-1000,100000,54987,
988,-2900,15708,-478,99,-50,-16000,-1000,100000,54989,
904,-2856,15932,-380,203,-32,-16000,-1000,100000,55002,
936,-2800,15800,-396,90,-28,-16000,-1000,100000,55004,
1012,-2856,15784,-362,180,-58,-16000,-1000,100000,55006,
944,-2828,15776,-419,163,-99,-16000,-1000,100000,55019,
1036,-2824,15768,-422,187,-106,-16000,-1000,100000,55021,
940,-2868,15660,-424,145,-74,-16000,-1000,100000,55023,
912,-2824,15716,-434,193,-104,-16000,-1000,100000,55036,
880,-2796,15856,-422,162,-121,-16000,-1000,100000,55038,
968,-2764,15840,-428,173,-130,-16000,-1000,100000,55040,
772,-2840,15740,-439,112,-134,-16000,-1000,100000,55053,
824,-2760,15688,-444,87,-141,-16000,-1000,100000,55055,
1024,-2736,15744,-427,121,-118,-16000,-1000,100000,55058,
872,-2700,15768,-470,71,-160,-16000,-1000,100000,55070,
920,-2852,15628,-445,105,-150,-16000,-1000,100000,55072,
1000,-2844,15692,-462,24,-160,-16000,-1000,100000,55075,
928,-2848,15932,-447,136,-183,-16000,-1000,100000,55087,
944,-2808,15692,-473,85,-179,-16000,-1000,100000,55090,
900,-2744,15772,-445,128,-183,-16000,-1000,100000,55092,
816,-2820,15704,-536,114,-219,-16000,-1000,100000,55104,
840,-2840,15848,-488,184,-184,-16000,-1000,100000,55107,
876,-2788,15768,-508,117,-188,-16000,-1000,100000,55109,
772,-2856,15732,-484,175,-164,-16000,-1000,100000,55122,
736,-2796,15704,-410,184,-190,-16000,-1000,100000,55124,
784,-2896,15752,-463,201,-191,-16000,-1000,100000,55126,
704,-2800,15832,-448,185,-186,-16000,-1000,100000,55139,
796,-2780,15720,-509,186,-203,-16000,-1000,100000,55141,
760,-2832,15684,-488,152,-205,-16000,-1000,100000,55143,
824,-2852,15884,-451,181,-213,-16000,-1000,100000,55156,
620,-2856,15736,-499,123,-180,-16000,-1000,100000,55158,
692,-2844,15740,-434,177,-180,-16000,-1000,100000,55161,
660,-2812,15732,-476,114,-180,-16000,-1000,100000,55173,
672,-2824,15764,-451,106,-158,-16000,-1000,100000,55175,
764,-2808,15864,-460,82,-159,-16000,-1000,100000,55178,
712,-2868,15852,-466,77,-151,-16000,-1000,100000,55190,
772,-2872,15720,-517,-5,-120,-16000,-1000,100000,55192,
740,-2892,15788,-466,91,-160,-16000,-1000,100000,55195,
772,-2984,15832,-488,11,-137,-16000,-1000,100000,55207,
756,-2940,15720,-452,48,-119,-16000,-1000,100000,55209,
796,-2912,15616,-484,-4,-122,-16000,-1000,100000,55212,
836,-2872,15808,-444,120,-109,-16000,-1000,100000,55224,
844,-2880,15684,-491,42,-114,-16000,-1000,100000,55227,
820,-2736,15752,-459,113,-109,-16000,-1000,100000,55229,
916,-2900,15760,-510,145,-76,-16000,-1000,100000,55241,
828,-2880,15584,-446,183,-85,-16000,-1000,100000,55244,
816,-2828,15776,-491,137,-112,-16000,-1000,100000,55246,
812,-2828,15680,-513,140,-115,-16000,-1000,100000,55258,
832,-2792,15736,-418,129,-84,-16000,-1000,100000,55261,
752,-2780,15856,-508,125,-90,-16000,-1000,100000,55263,
964,-2840,15744,-477,43,-86,-16000,-1000,100000,55276,
912,-2712,15796,-527,86,-107,-16000,-1000,100000,55278,
932,-2776,15700,-464,64,-89,-16000,-1000,100000,55280,
860,-2832,15748,-485,96,-105,-16000,-1000,99000,55293,
940,-2744,15928,-478,88,-80,-16000,-1000,99000,55295,
864,-2812,15728,-478,119,-103,-16000,-1000,99000,55297,
956,-2888,15720,-504,79,-108,-16000,-1000,99000,55300,
1100,-2776,15768,-511,147,-146,-16000,-1000,99000,55312,
1064,-2828,15692,-494,79,-161,-16000,-1000,99000,55315,
912,-2900,15840,-483,141,-131,-16000,-1000,99000,55317,
832,-2896,15756,-490,136,-145,-16000,-1000,99000,55329,
864,-2832,15752,-480,170,-177,-16000,-1000,99000,55332,
888,-2832,15816,-497,120,-170,-16000,-1000,99000,55334,
912,-2856,15740,-475,128,-161,-16000,-1000,99000,55347,
912,-2852,15752,-476,63,-162,-16000,-1000,99000,55349,
828,-2880,15888,-464,132,-145,-16000,-1000,99000,55351,
796,-2804,15896,-453,151,-145,-16000,-1000,99000,55364,
792,-2856,15772,-472,110,-155,-16000,-1000,99000,55366,
932,-2864,15952,-418,117,-143,-16000,-1000,99000,55368,
908,-2912,15828,-505,140,-153,-16000,-1000,99000,55381,
872,-2820,15584,-433,167,-156,-16000,-1000,99000,55383,
948,-2920,15792,-475,133,-165,-16000,-1000,99000,55386,
784,-2836,15740,-457,181,-197,-16000,-1000,99000,55398,
860,-2832,15784,-505,132,-151,-16000,-1000,99000,55401,
892,-2844,15700,-437,128,-161,-16000,-1000,99000,55403,
696,-2788,15588,-518,130,-170,-16000,-1000,99000,55415,
816,-2808,15720,-499,109,-188,-16000,-1000,99000,55418,
840,-2792,15640,-519,93,-164,-16000,-1000,99000,55420,
812,-2844,15776,-434,92,-168,-16000,-1000,99000,55433,
840,-2860,15732,-462,45,-159,-16000,-1000,99000,55435,
768,-2880,15884,-432,78,-164,-16000,-1000,99000,55437,
776,-2780,15872,-506,148,-147,-16000,-1000,99000,55450,
888,-2760,15752,-530,91,-130,-16000,-1000,99000,55452,
916,-2832,15680,-507,118,-136,-16000,-1000,99000,55454,
856,-2892,15640,-470,172,-173,-17000,-1000,99000,55467,
812,-3004,15832,-507,105,-140,-17000,-1000,99000,55469,
852,-2872,15884,-454,135,-171,-17000,-1000,99000,55471,
732,-2784,15868,-492,66,-142,-17000,-1000,99000,55484,
844,-2740,15636,-454,149,-169,-17000,-1000,99000,55486,
920,-2748,15796,-480,79,-157,-17000,-1000,99000,55488,
840,-2772,15596,-435,130,-173,-17000,-1000,99000,55501,
992,-2844,15724,-502,91,-152,-17000,-1000,99000,55503,
984,-2836,15900,-439,162,-165,-17000,-1000,99000,55505,
980,-2772,15644,-532,166,-182,-17000,-1000,99000,55518,
888,-2796,15792,-499,235,-193,-17000,-1000,99000,55520,
880,-2756,15748,-573,166,-207,-17000,-1000,99000,55522,
684,-2860,15652,-512,194,-211,-17000,-1000,99000,55535,
832,-2904,15708,-557,113,-207,-17000,-1000,99000,55537,
884,-2932,15804,-515,165,-202,-17000,-1000,99000,55539,
840,-2900,15820,-505,95,-177,-17000,-1000,99000,55552,
632,-2908,15812,-443,101,-145,-17000,-1000,99000,55554,
800,-2928,15832,-482,30,-135,-17000,-1000,99000,55557,
808,-2864,15864,-412,126,-149,-17000,-1000,99000,55569,
840,-2852,15776,-440,84,-145,-17000,-1000,99000,55571,
880,-2892,15828,-390,131,-124,-17000,-1000,99000,55574,
688,-2920,15808,-454,138,-90,-17000,-1000,99000,55586,
764,-2928,15664,-451,191,-81,-17000,-1000,99000,55589,
752,-2988,15716,-404,157,-109,-17000,-1000,92000,60692,
708,-2984,15720,-423,179,-170,-17000,-1000,92000,60694,
776,-2936,15716,-368,131,-103,-17000,-1000,92000,60707,
720,-2972,15724,-400,163,-106,-17000,-1000,92000,60709,
840,-3028,15732,-374,125,-88,-17000,-1000,92000,60711,
972,-2944,15628,-404,113,-102,-17000,-1000,92000,60724,
740,-2964,15536,-360,172,-97,-17000,-1000,92000,60726,
824,-3000,15604,-422,106,-61,-17000,-1000,92000,60728,
868,-2852,15832,-434,239,-87,-17000,-1000,92000,60741,
912,-3016,15792,-446,187,-114,-17000,-1000,92000,60743,
888,-2876,15668,-441,229,-96,-17000,-1000,92000,60746,
840,-2900,15728,-498,125,-96,-17000,-1000,92000,60758,
912,-2888,15624,-462,151,-100,-17000,-1000,92000,60760,
768,-3000,15724,-543,103,-100,-17000,-1000,92000,60763,
880,-3024,15812,-503,55,-115,-17000,-1000,92000,60775,
792,-2936,15632,-570,-6,-99,-17000,-1000,92000,60777,
804,-2960,15596,-505,38,-105,-17000,-1000,92000,60780,
852,-2936,15672,-571,-42,-100,-17000,-1000,92000,60782,
984,-3052,15724,-522,-19,-123,-17000,-1000,92000,60795,
1004,-3156,15628,-566,-55,-87,-17000,-1000,92000,60797,
1032,-3088,15748,-514,-2,-95,-17000,-1000,92000,60799,
1188,-3084,15800,-493,86,-95,-17000,-1000,92000,60812,
968,-3120,15676,-455,134,-94,-17000,-1000,92000,60814,
1024,-2968,15820,-516,110,-106,-17000,-1000,92000,60817,
1048,-3056,15916,-475,278,-160,-17000,-1000,92000,60829,
932,-2988,15704,-508,199,-148,-17000,-1000,92000,60832,
956,-2944,15824,-445,279,-180,-17000,-1000,92000,60834,
912,-2980,15804,-493,224,-167,-17000,-1000,92000,60846,
940,-2976,15828,-406,214,-182,-17000,-1000,92000,60849,
764,-2952,15660,-460,134,-194,-17000,-1000,92000,60851,
912,-2980,15768,-428,163,-193,-17000,-1000,92000,60864,
892,-3036,15676,-446,107,-193,-17000,-1000,92000,60866,
832,-3092,15704,-400,129,-183,-17000,-1000,92000,60868,
952,-3028,15696,-485,121,-171,-17000,-1000,92000,60881,
980,-3036,15688,-406,147,-185,-17000,-1000,92000,60883,
868,-2936,15600,-460,161,-162,-17000,-1000,92000,60885,
968,-3016,15800,-425,217,-191,-17000,-1000,92000,60898,
824,-2992,15744,-451,173,-177,-17000,-1000,92000,60900,
824,-3040,15560,-399,211,-177,-17000,-1000,92000,60903,
788,-2984,15784,-436,193,-172,-17000,-1000,92000,60915,
756,-2988,15656,-411,156,-167,-17000,-1000,92000,60917,
784,-2940,15836,-438,190,-188,-17000,-1000,92000,60920,
692,-3040,15868,-424,70,-105,-17000,-1000,92000,60932,
880,-2892,15704,-489,21,-142,-17000,-1000,92000,60934,
728,-2956,15668,-436,34,-84,-17000,-1000,92000,60937,
844,-3012,15696,-446,38,-128,-17000,-1000,92000,60939,
832,-2956,15592,-399,55,-82,-17000,-1000,92000,60952,
844,-2964,15676,-439,18,-72,-17000,-1000,92000,60954,
876,-2912,15556,-376,68,-87,-17000,-1000,92000,60956,
1004,-2908,15732,-432,150,-107,-17000,-1000,92000,60969,
860,-2864,15748,-495,121,-105,-17000,-1000,92000,60971,
884,-2988,15752,-433,139,-78,-17000,-1000,92000,60973,
852,-2868,15708,-513,137,-108,-17000,-1000,92000,60986,
796,-2936,15720,-478,127,-110,-17000,-1000,92000,60988,
828,-2988,15868,-502,147,-115,-17000,-1000,92000,60991,
852,-2996,15716,-466,30,-96,-17000,-1000,92000,61003,
852,-2956,15592,-500,38,-85,-17000,-1000,92000,61005,
748,-3020,15644,-482,38,-118,-17000,-1000,92000,61008,
800,-2940,15832,-491,19,-119,-17000,-1000,92000,61010,
904,-3088,15596,-471,23,-76,-17000,-1000,92000,61023,
1040,-3088,15732,-531,-50,-97,-17000,-1000,92000,61025,
856,-3000,15804,-500,31,-108,-17000,-1000,92000,61027,
972,-2960,15780,-522,30,-100,-17000,-1000,92000,61040,
1040,-3032,15728,-457,100,-89,-17000,-1000,92000,61042,
1008,-3084,15696,-492,47,-107,-17000,-1000,92000,61045,
928,-3080,15820,-437,256,-128,-17000,-1000,92000,61057,
912,-2896,15780,-466,183,-118,-17000,-1000,92000,61059,
1020,-2972,15836,-447,273,-139,-17000,-1000,92000,61061,
920,-3032,15716,-451,168,-184,-17000,-1000,92000,61074,
928,-3004,15736,-443,197,-199,-17000,-1000,92000,61076,
792,-2944,15792,-474,126,-129,-17000,-1000,92000,61079,
960,-2948,15628,-454,138,-146,-17000,-1000,92000,61091,
800,-2920,15804,-411,117,-125,-17000,-1000,92000,61094,
924,-2960,15676,-433,118,-153,-17000,-1000,92000,61096,
1096,-2952,15572,-457,77,-158,-17000,-1000,92000,61108,
1024,-2896,15760,-403,131,-170,-17000,-1000,92000,61111,
1068,-2980,15632,-478,81,-157,-17000,-1000,92000,61113,
1048,-2968,15664,-417,188,-149,-17000,-1000,92000,61126,
872,-2980,15772,-486,197,-162,-17000,-1000,92000,61128,
1004,-2948,15640,-431,249,-167,-17000,-1000,92000,61130,
868,-2864,15960,-533,199,-193,-17000,-1000,92000,61143,
828,-2868,15732,-480,241,-212,-17000,-1000,92000,61145,
804,-2940,15680,-520,168,-223,-17000,-1000,92000,61147,
708,-2944,15756,-488,117,-186,-17000,-1000,92000,61160,
756,-2932,15636,-543,13,-214,-17000,-1000,92000,61162,
656,-2948,15640,-471,75,-168,-17000,-1000,92000,61164,
724,-3028,15688,-487,-67,-177,-17000,-1000,92000,61177,
804,-3024,15744,-466,-24,-179,-17000,-1000,92000,61179,
844,-2944,15768,-508,-78,-146,-17000,-1000,92000,61182,
964,-2932,15808,-480,72,-187,-17000,-1000,91000,61194,
984,-2944,15688,-550,40,-194,-17000,-1000,91000,61196,
1012,-2968,15696,-491,85,-171,-17000,-1000,91000,61199,
912,-3032,15724,-534,93,-141,-17000,-1000,91000,61211,
832,-3028,15812,-459,150,-167,-17000,-1000,91000,61214,
848,-3092,15708,-511,156,-128,-17000,-1000,91000,61216,
712,-2932,15832,-472,181,-106,-17000,-1000,91000,61229,
924,-3072,15840,-508,165,-134,-17000,-1000,91000,61231,
768,-3000,15832,-449,163,-123,-17000,-1000,91000,61233,
776,-2944,15840,-469,135,-96,-17000,-1000,91000,61246,
752,-2900,15744,-430,146,-112,-17000,-1000,91000,61248,
652,-2944,15904,-446,151,-105,-17000,-1000,91000,61250,
840,-3040,15812,-460,118,-96,-17000,-1000,91000,61263,
888,-2988,15720,-445,125,-119,-17000,-1000,91000,61265,
860,-2996,15708,-467,50,-96,-17000,-1000,91000,61267,
888,-3052,15620,-429,210,-98,-17000,-1000,91000,61280,
880,-3008,15736,-485,116,-90,-17000,-1000,91000,61282,
912,-3064,15632,-439,171,-77,-17000,-1000,91000,61284,
868,-2980,15716,-456,144,-133,-17000,-1000,91000,61297,
872,-2960,15852,-488,157,-105,-17000,-1000,91000,61299,
800,-2888,15788,-505,176,-144,-17000,-1000,91000,61302,
768,-3056,15772,-504,122,-171,-17000,-1000,91000,61314,
700,-2964,15840,-516,125,-127,-17000,-1000,91000,61316,
916,-3024,15692,-523,72,-160,-17000,-1000,91000,61319,
776,-3112,15788,-484,41,-138,-17000,-1000,91000,61331,
796,-3200,15872,-421,50,-159,-17000,-1000,91000,61334,
952,-3188,15852,-459,63,-163,-17000,-1000,91000,61336,
768,-3192,15860,-422,42,-119,-17000,-1000,91000,61338,
836,-3224,16184,-381,173,-179,-17000,-1000,91000,61351,
964,-3224,16204,-352,188,-170,-17000,-1000,91000,61353,
996,-3244,16176,-367,259,-180,-17000,-1000,91000,61355,
956,-3320,16412,-83,790,-275,-17000,-1000,91000,61368,
1024,-3392,16508,-153,880,-314,-17000,-1000,91000,61370,
980,-3364,16508,-153,936,-324,-17000,-1000,91000,61373,
724,-3360,16904,81,1401,-124,-17000,-1000,91000,61385,
776,-3364,17068,154,1464,-132,-17000,-1000,91000,61387,
808,-3480,17080,279,1652,-111,-17000,-1000,91000,61390,
484,-3452,17548,598,1938,-122,-17000,-1000,91000,61402,
484,-3488,17820,687,1915,-104,-17000,-1000,91000,61405,
348,-3512,17968,740,1708,-100,-17000,-1000,91000,61407,
0,-3680,18780,1415,785,104,-17000,-1000,91000,61419,
-204,-3836,18836,1546,392,146,-17000,-1000,91000,61422,
-136,-3792,18980,1789,51,188,-17000,-1000,91000,61424,
-248,-3884,19196,1874,-316,247,-17000,-1000,91000,61426,
-120,-3496,19932,3037,-2489,709,-16000,-1000,91000,61439,
-8,-3532,20092,3200,-2951,790,-16000,-1000,91000,61441,
192,-3468,20372,3451,-3248,820,-16000,-1000,91000,61444,
900,-3416,21568,4298,-4636,762,-16000,-2000,91000,61456,
1196,-3200,21492,4440,-4549,847,-16000,-2000,91000,61458,
1256,-3112,21832,4616,-4593,912,-16000,-2000,91000,61461,
2048,-3748,23004,5640,-3047,441,-15000,-2000,92000,61473,
2176,-3828,23116,5863,-2629,393,-15000,-2000,92000,61476,
2144,-3892,23368,6130,-2055,338,-15000,-2000,92000,61478,
2344,-4448,24448,7538,1201,202,-14000,-2000,92000,61490,
2168,-4504,24628,7795,1838,120,-14000,-2000,92000,61493,
2120,-4480,24904,8214,2395,90,-14000,-2000,92000,61495,
2044,-3736,25120,10319,4726,-613,-13000,-2000,91000,61507,
808,-5012,24460,10672,5367,-473,-12000,-1000,91000,61510,
-328,-5372,25036,10828,6001,137,-12000,-1000,91000,61512,
-636,-4952,25148,12816,7686,1056,-11000,-1000,91000,61524,
-1032,-4808,25160,13248,7892,1091,-11000,0,91000,61527,
-1352,-4756,24900,13566,7886,1184,-11000,0,91000,61529,
-2768,-4112,24724,15239,6840,1781,-9000,0,91000,61542,
-2804,-3952,24796,15563,6469,1902,-9000,0,91000,61544,
-3184,-3928,24824,15847,6075,1982,-9000,0,91000,61546,
-3324,-3792,24544,16057,5560,2116,-8000,0,91000,61549,
-3536,-3704,23936,17400,2972,2677,-7000,0,92000,61561,
-3620,-3668,23692,17693,2374,2827,-6000,0,92000,61564,
-3528,-3632,23520,17898,1949,2888,-6000,0,92000,61566,
-3128,-3268,22764,19389,-644,3393,-4000,0,92000,61579,
-2940,-3292,22604,19548,-1144,3434,-4000,0,92000,61581,
-2948,-3248,22364,19888,-1531,3478,-3000,0,92000,61583,
-1908,-2772,21376,21092,-3067,3726,-1000,0,93000,61596,
-1808,-2752,21408,21375,-3356,3778,-1000,0,93000,61598,
-1508,-2720,21272,21472,-3514,3827,-1000,0,93000,61601,
-540,-3008,20084,22896,-3913,3833,1000,0,93000,61613,
-452,-3052,20428,23054,-3919,3868,1000,0,93000,61615,
-316,-2928,20332,23362,-3965,3918,1000,0,93000,61618,
-284,-2848,20032,23556,-3937,3963,2000,0,93000,61620,
128,-2392,19588,24420,-3732,3948,4000,0,94000,61633,
80,-2308,19552,24652,-3826,3927,4000,0,94000,61635,
64,-2168,19556,24681,-3732,3856,5000,0,94000,61637,
408,-1800,18468,25569,-3972,3725,7000,-1000,94000,61650,
360,-1704,18308,25716,-3940,3734,8000,-1000,94000,61652,
472,-1740,18232,25943,-4048,3793,8000,-1000,94000,61654,
740,-1060,17496,26971,-4266,3636,11000,-1000,94000,61667,
740,-1000,17364,27240,-4393,3551,11000,-1000,95000,61669,
728,-792,17284,27334,-4380,3520,12000,-1000,95000,61672,
1224,8,16480,27815,-4653,3289,14000,-2000,95000,61684,
1384,76,16244,27799,-4686,3249,15000,-2000,95000,61686,
1400,212,16008,27981,-4817,3223,15000,-2000,95000,61689,
1684,948,14980,28310,-5376,2799,18000,-3000,95000,61701,
1560,1076,14704,28370,-5374,2763,18000,-3000,95000,61704,
1740,1304,14636,28481,-5417,2721,19000,-3000,95000,61706,
2392,1808,12892,29113,-5379,2443,21000,-4000,95000,61718,
2488,2272,11888,28729,-4948,2456,22000,-4000,95000,61721,
2532,2304,11992,28634,-4898,2479,22000,-4000,95000,61723,
2896,3032,11192,28815,-4230,1977,25000,-4000,95000,61736,
3000,3240,11280,28719,-4051,1923,26000,-4000,95000,61738,
2884,3312,11380,28819,-4030,1883,26000,-4000,95000,61740,
3020,3772,10088,28423,-3152,1532,29000,-5000,95000,61753,
2864,3848,9960,28422,-3005,1580,29000,-5000,95000,61755,
2692,3832,9972,28405,-3020,1521,30000,-5000,95000,61758,
2920,4532,9144,27909,-1802,1444,33000,-5000,95000,61770,
2820,4640,8772,27884,-1692,1380,33000,-5000,95000,61772,
2924,4836,8076,27872,-1479,1377,34000,-5000,95000,61775,
2480,5280,7560,27275,-1043,1146,36000,-6000,95000,61787,
2272,5436,7452,27234,-998,1139,37000,-6000,95000,61790,
2272,5520,7128,26992,-913,1144,37000,-6000,95000,61792,
1932,5924,6592,26605,-1063,1320,40000,-6000,95000,61804,
2004,6064,6296,26430,-1118,1318,40000,-6000,95000,61807,
1984,6212,6172,26353,-1121,1378,41000,-6000,95000,61809,
2160,6724,5668,25869,-1644,1224,43000,-6000,95000,61822,
1996,6756,5580,25874,-1773,1224,44000,-6000,95000,61824,
2168,6992,5104,25643,-1815,1156,44000,-6000,95000,61826,
2028,7384,4492,25123,-2433,1110,47000,-7000,95000,61839,
2128,7556,4556,24923,-2455,1072,47000,-7000,95000,61841,
2152,7524,4324,24878,-2561,1067,47000,-7000,95000,61843,
2248,8016,3888,23939,-2848,877,50000,-7000,95000,61856,
2172,8144,4032,23867,-3003,854,50000,-7000,95000,61858,
2284,8332,3988,23639,-2996,810,51000,-7000,95000,61860,
2076,8544,3656,22645,-3701,505,53000,-7000,94000,61873,
1772,8704,3596,22449,-3896,456,53000,-7000,94000,61875,
1668,8804,3384,22418,-4203,453,54000,-7000,94000,61878,
1188,9080,2128,21802,-5955,383,56000,-8000,94000,61890,
1016,9180,2068,21770,-6203,457,57000,-8000,94000,61892,
724,8732,1900,21693,-6523,715,57000,-8000,94000,61895,
1104,10048,196,21165,-8645,599,59000,-8000,93000,61907,
872,10136,756,21232,-9095,626,60000,-8000,93000,61910,
1428,10136,1496,21347,-9406,561,60000,-9000,93000,61912,
1872,11052,268,21064,-10219,182,63000,-9000,92000,61924,
1948,11060,292,20871,-10339,142,63000,-9000,92000,61927,
2244,11204,104,20696,-10506,93,63000,-9000,91000,61929,
3072,11728,-1024,19398,-9789,-519,66000,-10000,91000,61941,
2896,11796,-1088,19091,-9659,-519,66000,-10000,90000,61944,
2912,11996,-1296,18902,-9475,-522,66000,-10000,90000,61946,
3132,12284,-2208,17424,-8219,-820,68000,-10000,89000,61959,
3068,12580,-2076,17234,-7995,-886,69000,-10000,89000,61961,
3136,12692,-2548,17152,-7752,-995,69000,-10000,89000,61963,
3048,13596,-3056,15902,-6550,-1254,71000,-10000,88000,61976,
2920,13696,-3448,15711,-6378,-1268,71000,-10000,88000,61978,
2956,13856,-3604,15334,-6188,-1257,72000,-10000,88000,61981,
2916,14252,-4328,13781,-5673,-875,73000,-10000,88000,61993,
2744,14476,-4708,13422,-5678,-818,74000,-10000,87000,61995,
2628,14664,-4664,12972,-5725,-783,74000,-10000,87000,61998,
2188,15084,-4956,12467,-6316,-752,75000,-10000,87000,62010,
2280,15008,-5616,12411,-6674,-818,76000,-10000,87000,62012,
3792,15176,-5700,12192,-6401,-828,76000,-10000,86000,62015,
2500,15876,-6224,11077,-6586,-625,77000,-11000,86000,62027,
2188,15836,-5468,10676,-6527,-625,77000,-11000,86000,62029,
1992,16004,-5428,10372,-6589,-534,78000,-11000,86000,62032,
3080,16192,-6212,9076,-5944,-888,79000,-11000,85000,62044,
3068,16360,-6272,8813,-5956,-945,79000,-11000,85000,62047,
3140,16396,-6292,8514,-5682,-959,79000,-11000,85000,62049,
3292,16520,-6764,7026,-4627,-1061,80000,-11000,84000,62061,
3328,16492,-6984,6637,-4304,-1081,80000,-11000,84000,62064,
3328,16524,-6960,6365,-4106,-1026,81000,-11000,84000,62066,
3824,17176,-8068,4514,-2876,-882,81000,-11000,84000,62079,
3868,17376,-8196,4310,-2447,-980,81000,-11000,84000,62081,
3708,17516,-8180,4113,-2205,-986,82000,-11000,84000,62083,
3880,17836,-8528,3094,-749,-738,82000,-10000,83000,62096,
3796,18028,-8296,2840,-656,-673,82000,-10000,83000,62098,
3644,18028,-8412,2692,-460,-633,82000,-10000,83000,62100,
3080,18344,-8420,994,125,-484,83000,-10000,83000,62113,
3092,18396,-8436,718,267,-445,83000,-10000,83000,62115,
2988,18408,-8480,332,276,-435,83000,-10000,83000,62117,
2796,18396,-8472,-1368,657,-366,83000,-10000,83000,62130,
2764,18496,-8528,-1688,673,-341,83000,-10000,83000,62132,
2600,18384,-8608,-1876,753,-290,83000,-10000,83000,62134,
2592,18488,-8924,-3804,848,-86,82000,-10000,83000,62147,
2664,18432,-9032,-4096,967,-18,82000,-10000,83000,62149,
2676,18488,-9072,-4405,1025,39,82000,-10000,83000,62152,
2664,18832,-9740,-6036,1565,381,82000,-10000,84000,62164,
2820,18728,-9912,-6445,1687,425,82000,-10000,84000,62167,
2820,18720,-9836,-6775,1857,445,82000,-10000,84000,62169,
2104,18980,-10396,-8479,1479,298,81000,-10000,84000,62182,
2196,18704,-9840,-8816,1291,289,81000,-10000,84000,62184,
2088,18676,-9544,-9050,936,229,81000,-10000,84000,62186,
1772,17864,-9408,-11262,-557,383,80000,-10000,84000,62199,
1748,17780,-9284,-11674,-935,429,80000,-10000,84000,62201,
1668,17696,-9200,-12007,-1214,480,80000,-10000,84000,62203,
1832,16936,-8260,-14281,-2934,646,79000,-10000,83000,62216,
1992,16732,-8280,-14606,-3157,684,78000,-10000,83000,62218,
2124,16652,-8220,-15045,-3434,705,78000,-10000,83000,62221,
2832,15788,-7612,-16994,-4232,844,77000,-11000,83000,62233,
2892,15672,-7480,-17362,-4269,879,77000,-11000,83000,62235,
1852,15620,-7300,-17740,-4384,1102,76000,-11000,83000,62238,
4012,14444,-6388,-19358,-3532,1078,75000,-11000,82000,62250,
4328,14324,-7160,-19849,-3275,1093,74000,-11000,82000,62253,
4080,14116,-5820,-20161,-3057,1167,74000,-11000,82000,62255,
4672,13204,-5008,-21230,-1225,1177,72000,-11000,82000,62267,
4748,13184,-4656,-21380,-881,1143,72000,-11000,82000,62270,
4692,12932,-4364,-21752,-634,1078,72000,-11000,82000,62272,
4488,12272,-3524,-22720,1290,1146,70000,-11000,82000,62284,
4380,12192,-3412,-23022,1478,1124,69000,-11000,82000,62287,
4164,11940,-3068,-23062,1846,1102,69000,-11000,82000,62289,
3552,11412,-1960,-24097,2915,1066,67000,-11000,82000,62302,
3392,11328,-1892,-24168,3090,1036,66000,-11000,83000,62304,
3240,11208,-1676,-24428,3190,1054,66000,-11000,83000,62306,
2792,10656,-604,-25191,3460,1019,64000,-11000,83000,62319,
2596,10604,-540,-25465,3401,1069,63000,-11000,83000,62321,
2716,10576,-120,-25534,3451,1041,63000,-11000,83000,62324,
2804,9992,1024,-26350,3301,1095,60000,-11000,83000,62336,
2680,9992,1216,-26440,3243,1073,60000,-11000,83000,62339,
2652,9896,1532,-26542,3172,1106,59000,-11000,83000,62341,
3076,9392,1880,-27093,3675,1156,57000,-11000,84000,62353,
2620,9460,2932,-27075,3508,1309,56000,-11000,84000,62356,
2992,9256,3980,-26958,3243,1089,56000,-11000,84000,62358,
2808,8804,4696,-27814,3199,1123,53000,-11000,84000,62370,
2732,8736,5028,-27744,3167,1167,53000,-11000,84000,62373,
2800,8600,4968,-27714,3257,1178,52000,-11000,84000,62375,
2776,8132,6440,-27324,3168,1197,49000,-11000,85000,62387,
2864,8024,6548,-27266,3175,1191,49000,-11000,85000,62390,
2756,8080,6612,-27239,3186,1182,48000,-11000,85000,62392,
2848,7580,8200,-27146,2914,1117,46000,-11000,85000,62405,
2756,7596,8396,-26980,2911,1082,45000,-11000,85000,62407,
2900,7564,8480,-27019,2826,1054,45000,-11000,85000,62409,
2708,7052,9364,-25200,1916,181,42000,-11000,85000,62421,
3112,6728,9500,-25137,1834,172,42000,-11000,85000,62424,
2592,6480,9704,-25558,2850,622,41000,-11000,85000,62426,
2964,6524,10748,-25733,2520,1037,39000,-11000,86000,62439,
2948,6424,10992,-25622,2628,1039,38000,-11000,86000,62441,
2884,6400,11452,-25253,2881,996,38000,-11000,86000,62443,
2932,6184,13076,-24195,2627,818,35000,-10000,86000,62456,
2944,6196,13024,-24048,2614,757,35000,-10000,86000,62458,
2872,6200,12992,-24053,2536,725,35000,-10000,86000,62460,
2816,5640,13944,-23023,2210,490,32000,-10000,86000,62473,
2804,5552,13828,-22904,2185,465,32000,-10000,86000,62475,
2856,5612,13812,-22645,2224,450,31000,-10000,86000,62477,
2952,5236,13708,-21394,2399,362,29000,-10000,86000,62490,
3116,5124,13752,-21103,2550,328,29000,-10000,86000,62492,
3096,5172,13828,-20893,2625,295,28000,-10000,86000,62495,
3132,4996,14184,-19777,3328,101,27000,-10000,87000,62507,
2880,5088,14184,-19659,3463,57,26000,-10000,87000,62510,
3296,5000,14368,-19500,3702,33,26000,-10000,87000,62512,
2840,5004,14732,-18771,4271,-307,24000,-9000,87000,62524,
2808,4992,14792,-18647,4331,-419,24000,-9000,87000,62527,
2832,5060,14800,-18411,4345,-503,23000,-9000,87000,62529,
2048,4252,15552,-18088,4712,-447,21000,-9000,87000,62542,
2060,4136,15152,-18074,4738,-459,21000,-9000,87000,62544,
2000,4064,15100,-18055,4805,-407,21000,-8000,87000,62546,
1732,3676,15108,-17355,4785,-548,19000,-8000,87000,62559,
1664,3672,15152,-17208,4846,-568,19000,-8000,87000,62561,
1524,3504,15164,-17153,4912,-559,18000,-8000,87000,62563,
1468,3176,15280,-16475,4674,-592,17000,-7000,87000,62576,
1568,3044,15160,-16455,4665,-612,16000,-7000,87000,62578,
1568,3132,15288,-16285,4708,-626,16000,-7000,87000,62581,
1504,3044,15488,-15985,4661,-815,15000,-7000,87000,62593,
1280,3028,15480,-15894,4609,-883,14000,-7000,87000,62596,
1244,2932,15444,-15797,4464,-923,14000,-7000,87000,62598,
920,2092,15864,-15490,4355,-635,12000,-6000,87000,62610,
860,2136,16020,-15504,4383,-545,12000,-6000,88000,62613,
880,2080,15896,-15707,4243,-483,12000,-6000,88000,62615,
836,1844,16016,-15470,4167,-353,10000,-6000,88000,62627,
936,1868,15936,-15524,4078,-367,10000,-5000,88000,62630,
780,1748,16088,-15421,4108,-377,10000,-5000,88000,62632,
864,1356,16100,-15331,3678,-435,8000,-5000,88000,62645,
680,1184,16252,-15206,3690,-427,8000,-5000,88000,62647,
644,1216,16340,-15266,3500,-432,8000,-5000,88000,62649,
408,1140,16612,-14851,2758,-742,6000,-5000,88000,62662,
356,1064,16748,-14862,2485,-799,6000,-5000,88000,62664,
200,896,16884,-14604,2286,-814,6000,-4000,88000,62667,
280,-144,18364,-14537,1746,-224,4000,-4000,88000,62679,
-28,140,18024,-14571,1364,-185,4000,-4000,88000,62681,
148,260,16636,-14725,839,-93,4000,-4000,88000,62684,
188,232,16792,-14716,800,-16,4000,-4000,88000,62686,
684,124,17172,-14205,-5,113,2000,-4000,88000,62699,
800,20,17376,-14060,-75,102,2000,-4000,88000,62701,
864,48,17372,-13971,-192,85,2000,-4000,88000,62703,
1160,-392,17476,-13565,-453,103,0,-4000,88000,62716,
1168,-496,17544,-13443,-401,139,0,-4000,88000,62718,
1236,-484,17492,-13469,-496,173,0,-4000,88000,62720,
1256,-524,17600,-13322,-440,176,0,-4000,88000,62722,
1408,-744,18076,-13189,-612,177,-1000,-4000,88000,62735,
1344,-644,18172,-13089,-601,150,-1000,-4000,88000,62737,
1384,-760,18204,-13088,-699,166,-1000,-4000,88000,62740,
1360,-1136,18324,-12824,-918,265,-2000,-4000,88000,62752,
1380,-1196,18516,-12648,-878,258,-3000,-4000,88000,62755,
1372,-1288,18492,-12629,-915,265,-3000,-4000,88000,62757,
1644,-1748,18688,-11905,-876,202,-4000,-5000,88000,62769,
1752,-1744,18712,-11833,-933,157,-4000,-5000,88000,62772,
1744,-1788,18824,-11673,-840,150,-4000,-5000,88000,62774,
1956,-1992,18692,-11064,-716,29,-5000,-5000,88000,62787,
1788,-1920,18452,-10998,-497,64,-6000,-5000,88000,62789,
2012,-2144,19028,-10902,-710,21,-6000,-5000,88000,62791,
1928,-2444,18960,-10070,-724,47,-7000,-5000,88000,62804,
1976,-2420,19044,-9905,-669,37,-7000,-5000,88000,62806,
2068,-2496,19064,-9841,-702,34,-7000,-5000,88000,62808,
2064,-2480,19160,-9034,-372,-39,-8000,-5000,88000,62821,
1972,-2496,18992,-8948,-428,-112,-8000,-5000,88000,62823,
1956,-2704,19068,-8700,-299,-99,-8000,-5000,88000,62826,
2060,-2644,18860,-8200,-141,-124,-9000,-5000,88000,62838,
2228,-2556,18884,-8007,-52,-94,-9000,-5000,88000,62840,
2108,-2620,18836,-7945,-98,-90,-9000,-5000,88000,62843,
2196,-2392,18924,-7323,165,-60,-10000,-5000,88000,62855,
2264,-2492,18888,-7337,152,-42,-10000,-5000,88000,62857,
2160,-2388,18876,-7206,197,-66,-10000,-5000,88000,62860,
2164,-2548,19368,-7096,41,-117,-11000,-5000,88000,62872,
2084,-2316,19164,-7070,37,-95,-11000,-5000,88000,62875,
1968,-2508,19388,-7143,-23,-124,-11000,-5000,88000,62877,
2188,-2644,19528,-7026,-28,-241,-12000,-5000,88000,62890,
2292,-2764,19444,-7035,-14,-266,-12000,-5000,88000,62892,
2256,-2696,19552,-6928,46,-334,-12000,-5000,88000,62894,
1972,-2860,19220,-6634,134,-591,-13000,-5000,88000,62907,
2028,-2840,19068,-6603,194,-673,-13000,-5000,88000,62909,
1988,-2944,19008,-6535,135,-683,-13000,-5000,88000,62911,
1996,-2964,18732,-6136,319,-774,-13000,-5000,87000,62924,
2032,-3012,18500,-6017,361,-795,-14000,-5000,87000,62926,
2104,-3040,18556,-5870,450,-820,-14000,-5000,87000,62929,
2424,-3172,18108,-5332,1003,-1136,-14000,-5000,87000,62941,
2208,-3096,17992,-5301,1189,-1230,-14000,-5000,87000,62944,
2236,-3112,18008,-5248,1296,-1260,-14000,-5000,87000,62946,
2348,-3076,17656,-4782,1947,-1479,-15000,-5000,87000,62958,
2208,-3260,17740,-4655,1939,-1518,-15000,-5000,87000,62961,
2308,-3320,17808,-4501,2020,-1579,-15000,-5000,87000,62963,
1412,-3436,18440,-4085,2157,-1615,-15000,-4000,87000,62976,
1612,-3632,18748,-3938,1955,-1561,-15000,-4000,87000,62978,
1536,-3704,18628,-3723,2028,-1592,-15000,-4000,87000,62980,
1152,-3468,19148,-3376,1685,-1476,-16000,-4000,87000,62993,
1148,-3448,19112,-3283,1701,-1466,-16000,-4000,86000,62995,
1288,-3496,19008,-3271,1560,-1453,-16000,-4000,86000,62998,
1172,-3544,19060,-2586,1131,-1258,-16000,-4000,86000,63010,
1104,-3628,18912,-2439,924,-1198,-16000,-4000,86000,63012,
1148,-3636,19004,-2216,910,-1131,-16000,-4000,86000,63015,
1148,-3740,18692,-1129,408,-857,-16000,-4000,86000,63027,
1180,-3660,18640,-929,417,-806,-16000,-4000,86000,63029,
1284,-3584,18588,-785,294,-766,-16000,-4000,86000,63032,
1616,-3200,18128,72,378,-687,-16000,-4000,86000,63044,
1664,-3108,18160,167,384,-716,-16000,-4000,86000,63046,
1740,-3040,18016,376,523,-687,-16000,-4000,86000,63049,
1956,-2792,17180,911,925,-702,-16000,-4000,86000,63061,
2028,-2828,17172,953,1018,-702,-16000,-4000,86000,63064,
1972,-2752,16996,1093,1153,-719,-16000,-4000,86000,63066,
